896803902
896801546
896800170
896800103
896805364
896801549
896805665
896800466
896802177
896808261
896800846
896800641
896805258
896803579
896806100
896802500
896804735
896808011
896804694
896800531
896805017
896801747
896801707
896802483
896802342
896800620
896809640
896802077
896808475
896809282
896808785
896806676
896803083
896808651
896801007
896805899
896806931
896804545
896808070
896800595
896801078
896803157
896801102
896809710
896809589
896806938
896800493
896808863
896800085
896806296
896806707
896808908
896805067
896802174
896802882
896807166
896807903
896805484
896805188
896801480
896806372
896807921
896809003
896809252
896808236
896800639
896800588
896804603
896802388
896809022
896806616
896806477
896804533
896809321
896802913
896802902
896803132
896804059
896804990
896805599
896807083
896806066
896805472
896803536
896801735
896804264
896808903
896807129
896805857
896806754
896807618
896805999
896801967
896807077
896801142
896806293
896804499
896807103
896800310
896809833
